0 0.21171875 0.1984375 0.2546875 0.309375
0 0.17890625 0.53515625 0.2796875 0.3765625
0 0.3703125 0.49296875 0.203125 0.3265625
0 0.11953125 0.94609375 0.1953125 0.1046875
0 0.0453125 0.78203125 0.053125 0.1390625
0 0.3484375 0.75 0.228125 0.26875
0 0.55625 0.6390625 0.228125 0.26875
0 0.8625 0.6671875 0.228125 0.309375
0 0.7375 0.778125 0.19375 0.31875
0 0.215625 0.85625 0.053125 0.0875
0 0.6140625 0.7359375 0.225 0.271875
0 0.6921875 0.92578125 0.23125 0.1453125
0 0.578125 0.96875 0.096875 0.0625