0 0.32421875 0.43515625 0.2796875 0.4234375
0 0.728125 0.81171875 0.296875 0.3765625
0 0.60859375 0.34921875 0.2609375 0.2828125
0 0.24765625 0.15546875 0.2359375 0.2296875
0 0.9140625 0.65078125 0.171875 0.4171875
0 0.49453125 0.1921875 0.2390625 0.3125
0 0.21015625 0.93984375 0.2421875 0.1203125
0 0.46015625 0.8984375 0.2484375 0.203125
0 0.090625 0.74609375 0.175 0.3984375
0 0.0609375 0.29140625 0.11875 0.3640625
0 0.89453125 0.19453125 0.2109375 0.2359375
0 0.9140625 0.31328125 0.165625 0.3296875
0 0.69453125 0.55078125 0.2296875 0.1484375
0 0.67734375 0.0703125 0.2171875 0.1375
0 0.76171875 0.21796875 0.2328125 0.3015625
0 0.09765625 0.07578125 0.1828125 0.1390625