1 0.53515625 0.59765625 0.1296875 0.1296875
1 0.51015625 0.7203125 0.1140625 0.125
1 0.53203125 0.7921875 0.0984375 0.125
1 0.559375 0.83828125 0.103125 0.1140625
1 0.6015625 0.6609375 0.11875 0.11875
1 0.6421875 0.62734375 0.075 0.1109375
1 0.62265625 0.7328125 0.1015625 0.11875
1 0.66171875 0.8203125 0.1203125 0.146875
1 0.72578125 0.75390625 0.1046875 0.1453125
1 0.53046875 0.42265625 0.4984375 0.6671875
1 0.39140625 0.28671875 0.4171875 0.4421875
1 0.21953125 0.528125 0.1609375 0.1875
1 0.21015625 0.6625 0.2265625 0.396875
1 0.61328125 0.428125 0.3515625 0.290625