0 0.5609375 0.3140625 0.146875 0.2125
0 0.7296875 0.40078125 0.14375 0.2359375
0 0.18515625 0.52890625 0.1703125 0.1546875
0 0.09296875 0.59921875 0.1390625 0.1828125
0 0.12109375 0.69375 0.1390625 0.209375
0 0.1578125 0.75078125 0.121875 0.1734375
0 0.71953125 0.734375 0.1140625 0.178125
0 0.76796875 0.68515625 0.1421875 0.1953125
0 0.77265625 0.56640625 0.1421875 0.1421875
0 0.22734375 0.64765625 0.0765625 0.0640625
2 0.26484375 0.76953125 0.1671875 0.2203125
2 0.853125 0.54140625 0.1375 0.1640625
2 0.884375 0.68125 0.109375 0.178125
1 0.44921875 0.59296875 0.5109375 0.3828125